0 1652
15 1652
30 1652
45 1652
60 1652
75 1652
90 1652
105 1652
120 1652
135 1652
150 1652
165 1652
180 1652
195 1652
210 1652
225 1652
240 1652
255 1652
270 1652
285 1652
300 1652
315 1652
330 1652
345 1652
360 1652
375 1652
390 1652
405 1652
421 1652
436 1652
451 1652
466 1652
481 1652
496 1652
511 1652
526 1652
541 1652
556 1652
571 1652
586 1652
601 1652
616 1652
631 1652
646 1652
661 1652
676 1652
691 1652
706 1652
721 1652
736 1652
751 1652
766 1652
781 1652
796 1652
811 1652
826 1652
841 1652
856 1652
871 1652
886 1652
901 1652
916 1652
931 1652
946 1652
961 1652
976 1652
991 1652
1006 1652
1021 1652
1036 1652
1051 1652
1066 1652
1081 1652
1096 1652
1111 1652
1126 1652
1141 1652
1156 1652
1171 1652
1186 1652
1202 1652
